	
1.4993845768458223
3.814938559774889
-3.5350885263207763
3700
0
—	Delete
1	
1.4993845768458223
3.814938559774889
-3.5350885263207763
3700
0
—	Delete
2	
0.9961568681977497
3.6262090930673816
-0.18789846317490771
3800
10
—	Delete
3	
0.9961568681977497
3.6262090930673816
-0.18789846317490771
3800
10
—	Delete
4	
0.8514088317587694
1.4968423879684514
41.65002376972627
4100
15
—	Delete
5	
0.5434893859035895
0.7434487805835632
48.32873262855065
4400
25
—	Delete
6	
0.5434893859035895
0.7434487805835632
48.32873262855065
4400
25
—	Delete
7	
2.547448819626423
0.6333872218861922
85.67455023503034
3900
15
—	Delete
8	
0.30049849038147247
5.472650629227539
-21.79196839776803
4100
10
—	Delete
9	
0.30049849038147247
5.472650629227539
-21.79196839776803
4100
10
—	Delete
10	
0.30049849038147247
5.472650629227539
-21.79196839776803
4100
10
—	Delete
11	
2.5204865195078683
7.200798997126131
-64.6892161375524
4000
15
Yes	Delete
12	
2.5204865195078683
7.200798997126131
-64.6892161375524
4000
15
—	Delete